<?xml version="1.0" encoding="UTF-8"?>
<kml xmlns="http://www.opengis.net/kml/2.2" xmlns:gx="http://www.google.com/kml/ext/2.2">
    <Document id="32">
        <Style id="39">
            <LineStyle id="40">
                <color>ffff0000</color>
                <colorMode>normal</colorMode>
                <width>3</width>
            </LineStyle>
            <PolyStyle id="41">
                <color>50ff0000</color>
                <colorMode>normal</colorMode>
                <fill>1</fill>
                <outline>1</outline>
            </PolyStyle>
        </Style>
        <Style id="48">
            <LineStyle id="49">
                <color>ffff0000</color>
                <colorMode>normal</colorMode>
                <width>3</width>
            </LineStyle>
            <PolyStyle id="50">
                <color>50ff0000</color>
                <colorMode>normal</colorMode>
                <fill>1</fill>
                <outline>1</outline>
            </PolyStyle>
        </Style>
        <Style id="57">
            <LineStyle id="58">
                <color>ffff0000</color>
                <colorMode>normal</colorMode>
                <width>3</width>
            </LineStyle>
            <PolyStyle id="59">
                <color>50ff0000</color>
                <colorMode>normal</colorMode>
                <fill>1</fill>
                <outline>1</outline>
            </PolyStyle>
        </Style>
        <Placemark id="34">
            <name>Impact Ellipse 1</name>
            <visibility>1</visibility>
            <styleUrl>#39</styleUrl>
            <MultiGeometry id="33">
                <Polygon id="35">
                    <outerBoundaryIs>
                        <LinearRing id="37">
                            <coordinates>-8.282021652500397,39.414957335354394,0.0 -8.281964349079324,39.4147908410151,0.0 -8.281886898842892,39.41462841007763,0.0 -8.281789607576753,39.414470683543016,0.0 -8.281672859357286,39.41431828383679,0.0 -8.281537115034043,39.41417181235343,0.0 -8.281382910409459,39.41403184708378,0.0 -8.281210854122989,39.41389894033502,0.0 -8.281021625248076,39.41377361655211,0.0 -8.280815970611435,39.41365637024925,0.0 -8.280594701845247,39.41354766405958,0.0 -8.28035869218391,39.413447926910635,0.0 -8.28010887301796,39.41335755233299,0.0 -8.27984623021882,39.41327689690851,0.0 -8.279571800248796,39.413206278864436,0.0 -8.279286666071737,39.41314597681878,0.0 -8.27899195288041,39.41309622868202,0.0 -8.278688823657491,39.41305723071933,0.0 -8.278378474587623,39.41302913677708,0.0 -8.278062130338636,39.413012057676625,0.0 -8.277741039230529,39.413006060777796,0.0 -8.277416468311218,39.413011169713755,0.0 -8.277089698358482,39.41302736429822,0.0 -8.276762018827755,39.41305458060554,0.0 -8.276434722765714,39.41309271122316,0.0 -8.276109101709643,39.41314160567558,0.0 -8.275786440592713,39.413201071018094,0.0 -8.275468012675192,39.413270872597884,0.0 -8.27515507452164,39.413350734979716,0.0 -8.274848861043772,39.41344034303224,0.0 -8.274550580628597,39.41353934317097,0.0 -8.274261410371013,39.41364734475274,0.0 -8.273982491429637,39.41376392161642,0.0 -8.273714924524185,39.41388861376366,0.0 -8.273459765592158,39.41402092917301,0.0 -8.273218021621963,39.4141603457405,0.0 -8.272990646678915,39.414306313338706,0.0 -8.272778538139764,39.41445825598664,0.0 -8.272582533150677,39.414615574121356,0.0 -8.272403405322597,39.41477764696295,0.0 -8.272241861677072,39.41494383496312,0.0 -8.272098539854612,39.4151134823279,0.0 -8.271974005596606,39.415285919604656,0.0 -8.271868750510789,39.41546046632304,0.0 -8.271783190129057,39.41563643367949,0.0 -8.271717662265388,39.41581312725483,0.0 -8.271672425680332,39.41598984975413,0.0 -8.271647659057406,39.41616590375807,0.0 -8.27164346029546,39.41634059447498,0.0 -8.271659846119851,39.41651323248263,0.0 -8.271696752014,39.41668313644903,0.0 -8.271754032471614,39.416849635821535,0.0 -8.271831461568683,39.417012073473444,0.0 -8.271928733852926,39.41716980829784,0.0 -8.272045465547329,39.41732221773844,0.0 -8.272181196062943,39.41746870024726,0.0 -8.27233538981509,39.4176086776596,0.0 -8.272507438335783,39.41774159747675,0.0 -8.272696662674045,39.41786693504766,0.0 -8.272902316074711,39.41798419564069,0.0 -8.273123586925085,39.418092916397356,0.0 -8.27335960195791,39.418192668160366,0.0 -8.273609429697931,39.41828305716868,0.0 -8.273872084138508,39.41836372661284,0.0 -8.274146528633745,39.41843435804452,0.0 -8.274431679990723,39.418494672634594,0.0 -8.274726412745734,39.418544432274714,0.0 -8.27502956360757,39.418583440518326,0.0 -8.275339936050333,39.4186115433569,0.0 -8.275656305037584,39.418628629828795,0.0 -8.27597742185919,39.418634632457916,0.0 -8.276302019061719,39.41862952752073,0.0 -8.27662881545289,39.41861333514046,0.0 -8.276956521160313,39.418586119208015,0.0 -8.277283842724495,39.41854798713001,0.0 -8.277609488205966,39.41849908940498,0.0 -8.277932172286356,39.41843961902927,0.0 -8.278250621343242,39.418369810735044,0.0 -8.278563578478686,39.41828994006344,0.0 -8.27886980848162,39.418200322276526,0.0 -8.279168102704423,39.41810131111233,0.0 -8.279457283834441,39.417993297387895,0.0 -8.279736210541596,39.417876707455804,0.0 -8.2800037819837,39.41775200152056,0.0 -8.280258942151704,39.41761967182103,0.0 -8.280500684037706,39.41748024068656,0.0 -8.28072805360927,39.41733425847429,0.0 -8.28094015357435,39.417182301395705,0.0 -8.281136146921998,39.41702496924129,0.0 -8.281315260224865,39.41686288301209,0.0 -8.281476786690472,39.41669668246751,0.0 -8.28162008894925,39.416527023599365,0.0 -8.281744601568336,39.416354576041684,0.0 -8.281849833281262,39.41618002042697,0.0 -8.281935368924728,39.4160040456991,0.0 -8.282000871074896,39.41582734639346,0.0 -8.282046081376736,39.41565061989539,0.0 -8.28207082156123,39.41547456368724,0.0 -8.282074994146477,39.41529987259547,0.0 -8.282058582819944,39.41512723604819,0.0</coordinates>
                        </LinearRing>
                    </outerBoundaryIs>
                </Polygon>
            </MultiGeometry>
        </Placemark>
        <Placemark id="43">
            <name>Impact Ellipse 2</name>
            <visibility>1</visibility>
            <styleUrl>#48</styleUrl>
            <MultiGeometry id="42">
                <Polygon id="44">
                    <outerBoundaryIs>
                        <LinearRing id="46">
                            <coordinates>-8.287183911050843,39.41409409268372,0.0 -8.28706928124924,39.413761109040436,0.0 -8.286914359641667,39.41343625388176,0.0 -8.286719758132662,39.41312080910377,0.0 -8.286486245174165,39.412816019426806,0.0 -8.28621474272572,39.41252308748625,0.0 -8.285906322609762,39.412243169089905,0.0 -8.285562202276477,39.41197736866066,0.0 -8.285183739995054,39.41172673488234,0.0 -8.284772429490303,39.41149225656595,0.0 -8.284329894045941,39.4112748587524,0.0 -8.283857880097768,39.41107539906711,0.0 -8.283358250342063,39.4108946643408,0.0 -8.282832976386388,39.410733367509714,0.0 -8.282284130971748,39.41059214480727,0.0 -8.281713879796767,39.41047155325846,0.0 -8.281124472976096,39.41037206848646,0.0 -8.280518236166628,39.41029408284025,0.0 -8.279897561396496,39.41023790385052,0.0 -8.279264897632894,39.41020375301973,0.0 -8.278622741125826,39.41019176495135,0.0 -8.27797362556578,39.41020198682132,0.0 -8.277320112093987,39.410234378194055,0.0 -8.27666477920455,39.41028881118349,0.0 -8.276010212578177,39.410365070958605,0.0 -8.275358994887423,39.410462856591415,0.0 -8.274713695613565,39.410581782244044,0.0 -8.27407686091515,39.41072137869026,0.0 -8.273451003588002,39.41088109516537,0.0 -8.272838593156278,39.411060301537404,0.0 -8.27224204613343,39.41125829079076,0.0 -8.271663716491512,39.41147428181299,0.0 -8.271105886376265,39.41170742247328,0.0 -8.270570757104592,39.411956792980895,0.0 -8.270060440479865,39.412221409510366,0.0 -8.269576950459292,39.412500228079004,0.0 -8.269122195206217,39.41279214866173,0.0 -8.268697969558703,39.41309601952692,0.0 -8.268305947944125,39.41341064177632,0.0 -8.26794767776778,39.41373477407118,0.0 -8.267624573301655,39.41406713752598,0.0 -8.267337910097526,39.414406420750716,0.0 -8.267088819946546,39.41475128502153,0.0 -8.266878286405285,39.41510036955988,0.0 -8.266707140906027,39.41545229689904,0.0 -8.266576059466766,39.415805678316914,0.0 -8.26648556001405,39.416159119314116,0.0 -8.266436000329387,39.41651122511515,0.0 -8.266427576627427,39.416860606171475,0.0 -8.266460322771742,39.41720588364461,0.0 -8.266534110131424,39.417545694847696,0.0 -8.266648648079201,39.4178786986238,0.0 -8.266803485129314,39.41820358064023,0.0 -8.266998010710745,39.41851905857732,0.0 -8.267231457568979,39.41882388719181,0.0 -8.267502904786912,39.41911686323424,0.0 -8.267811281413127,39.41939683020129,0.0 -8.268155370683296,39.41966268290411,0.0 -8.268533814818117,39.41991337183446,0.0 -8.268945120378957,39.42014790731156,0.0 -8.269387664160075,39.42036536339305,0.0 -8.269859699594189,39.42056488153459,0.0 -8.270359363646179,39.42074567398355,0.0 -8.270884684167607,39.420907026893396,0.0 -8.271433587683099,39.42104830314629,0.0 -8.272003907577746,39.42116894487273,0.0 -8.272593392653148,39.4212684756582,0.0 -8.273199716018286,39.42134650242805,0.0 -8.273820484279993,39.42140271700309,0.0 -8.27445324699666,39.421436897319616,0.0 -8.275095506357731,39.421448908309166,0.0 -8.275744727050647,39.42143870243431,0.0 -8.276398346276174,39.42140631987837,0.0 -8.277053783872404,39.42135188838842,0.0 -8.277708452507342,39.42127562277178,0.0 -8.278359767899701,39.42117782404857,0.0 -8.279005159027385,39.421058878263096,0.0 -8.279642078283263,39.420919254959145,0.0 -8.280268011537983,39.42075950532493,0.0 -8.28088048806997,39.42058026001538,0.0 -8.28147709032333,39.420382226660145,0.0 -8.28205546345499,39.42016618706718,0.0 -8.282613324633349,39.41993299413333,0.0 -8.283148472051622,39.41968356847369,0.0 -8.283658793620255,39.4194188947835,0.0 -8.28414227530407,39.41914001794693,0.0 -8.284597009071199,39.41884803890796,0.0 -8.285021200422426,39.41854411032011,0.0 -8.285413175471248,39.41822943199196,0.0 -8.285771387546742,39.41790524614666,0.0 -8.286094423293198,39.417572832514225,0.0 -8.286381008242598,39.41723350327603,0.0 -8.286630011837907,39.416888597881545,0.0 -8.286840451887592,39.416539477757894,0.0 -8.287011498433788,39.41618752093302,0.0 -8.287142477019051,39.41583411659397,0.0 -8.2872328713389,39.41548065960165,0.0 -8.287282325269834,39.4151285449838,0.0 -8.287290644265005,39.41477916242802,0.0 -8.287257796112124,39.414433890796396,0.0</coordinates>
                        </LinearRing>
                    </outerBoundaryIs>
                </Polygon>
            </MultiGeometry>
        </Placemark>
        <Placemark id="52">
            <name>Impact Ellipse 3</name>
            <visibility>1</visibility>
            <styleUrl>#57</styleUrl>
            <MultiGeometry id="51">
                <Polygon id="53">
                    <outerBoundaryIs>
                        <LinearRing id="55">
                            <coordinates>-8.292346041770546,39.41323062194768,0.0 -8.292174062632956,39.412731154037836,0.0 -8.29194164852419,39.412243881376014,0.0 -8.291649717800757,39.41177072664737,0.0 -8.291299423589177,39.41131355673624,0.0 -8.290892149219234,39.41087417536536,0.0 -8.290429502750747,39.41045431598559,0.0 -8.289913310615743,39.410055634944,0.0 -8.289345610401263,39.409679704957284,0.0 -8.288728642801445,39.40932800891578,0.0 -8.28806484277074,39.40900193404294,0.0 -8.28735682991325,39.40870276643245,0.0 -8.286607398146105,39.4084316859848,0.0 -8.28581950467767,39.40818976176313,0.0 -8.284996258344007,39.40797794778613,0.0 -8.284140907349471,39.407797079274744,0.0 -8.283256826459738,39.40764786936716,0.0 -8.282347503697546,39.4075309063149,0.0 -8.28141652659347,39.40744665117093,0.0 -8.280467568045719,39.40739543597862,0.0 -8.279504371844482,39.40737746246891,0.0 -8.278530737917638,39.40739280127023,0.0 -8.277550507355713,39.407441391634656,0.0 -8.276567547274903,39.40752304168094,0.0 -8.275585735577472,39.407637429153674,0.0 -8.274608945669403,39.40778410269537,0.0 -8.27364103119519,39.407962483626584,0.0 -8.272685810849751,39.40817186822689,0.0 -8.27174705332703,39.408411430507975,0.0 -8.270828462464408,39.40868022546779,0.0 -8.269933662641265,39.40897719281314,0.0 -8.269066184489072,39.409301161135915,0.0 -8.268229450969185,39.40965085252699,0.0 -8.267426763873111,39.41002488760927,0.0 -8.26666129079836,39.41042179097053,0.0 -8.265936052651218,39.41083999697469,0.0 -8.265253911725653,39.41127785592858,0.0 -8.264617560405421,39.411733640580394,0.0 -8.26402951053398,39.41220555292408,0.0 -8.263492083494214,39.41269173128311,0.0 -8.26300740103725,39.41319025764596,0.0 -8.262577376896722,39.413699165224315,0.0 -8.262203709221744,39.41421644620469,0.0 -8.261887873858692,39.41474005966251,0.0 -8.261631118508589,39.41526793960827,0.0 -8.261434457783388,39.41579800313342,0.0 -8.261298669181025,39.41632815862451,0.0 -8.261224289995434,39.41685631401311,0.0 -8.261211615174021,39.417380385028736,0.0 -8.26126069613147,39.41789830342273,0.0 -8.261371340524862,39.41840802513039,0.0 -8.26154311299135,39.41890753833908,0.0 -8.261775336845831,39.41939487143083,0.0 -8.262067096732226,39.41986810076746,0.0 -8.262417242218213,39.42032535828801,0.0 -8.262824392319501,39.42076483888812,0.0 -8.26328694093606,39.42118480755201,0.0 -8.263803063179049,39.421583606209104,0.0 -8.264370722563665,39.421959660287904,0.0 -8.264987679039683,39.42231148494099,0.0 -8.26565149782808,39.4226376909167,0.0 -8.266359559028935,39.42293699005374,0.0 -8.267109067962714,39.42320820037737,0.0 -8.267897066204089,39.42345025077623,0.0 -8.268720443264668,39.42366218524175,0.0 -8.269575948878453,39.423843166652794,0.0 -8.270460205841328,39.42399248009068,0.0 -8.271369723353779,39.424109535671164,0.0 -8.272300910813904,39.424193870882064,0.0 -8.27325009200605,39.42424515241727,0.0 -8.274213519628791,39.424263177499625,0.0 -8.275187390104602,39.4242478746873,0.0 -8.276167858612428,39.42419930416072,0.0 -8.277151054283529,39.42411765748824,0.0 -8.278133095500236,39.42400325687207,0.0 -8.279110105236915,39.423856553876966,0.0 -8.28007822638224,39.42367812764689,0.0 -8.281033636981968,39.423468682616644,0.0 -8.28197256534173,39.423229045727574,0.0 -8.282891304929942,39.42296016315833,0.0 -8.283786229021732,39.42266309658375,0.0 -8.284653805025842,39.422339018976864,0.0 -8.285490608437728,39.42198920997026,0.0 -8.286293336363652,39.42161505079593,0.0 -8.287058820562184,39.421218018823055,0.0 -8.28778403995162,39.42079968171604,0.0 -8.288466132533802,39.420361691235605,0.0 -8.289102406687384,39.4199057767078,0.0 -8.289690351785874,39.419433738186925,0.0 -8.29022764809872,39.4189474393394,0.0 -8.290712175936433,39.4184488000769,0.0 -8.291142024003818,39.41793978896822,0.0 -8.291515496928543,39.41742241545963,0.0 -8.291831121935555,39.41689872193489,0.0 -8.292087654641277,39.41637077564623,0.0 -8.292284083944987,39.415840660548476,0.0 -8.2924196359984,39.41531046906835,0.0 -8.292493777238107,39.41478229384192,0.0 -8.292506216469247,39.414258219452485,0.0 -8.292456905992536,39.41374031420193,0.0</coordinates>
                        </LinearRing>
                    </outerBoundaryIs>
                </Polygon>
            </MultiGeometry>
        </Placemark>
        <Placemark id="61">
            <name>Launch Pad</name>
            <description>Flight initial position</description>
            <Point id="60">
                <coordinates>-8.288964,39.3897,0.0</coordinates>
            </Point>
        </Placemark>
    </Document>
</kml>
